830
-2003
-1407
-803
1610
117
-1888
1381
-158
-253
794
-708
663
1617
1431
-694
-453
33
-2026
1798
1160
-802
-490
-1398
21
225
-639
239
2031
1968
-1946
-1673
1235
342
218
822
1151
-1496
-1499
-1552
1137
-1790
1606
2003
-1744
-934
-1198
-1324
834
-1498
1899
1848
-188
734
1792
-475
-1577
991
-1011
-1587
-739
300
469
-549
-1903
-1304
1097
1554
151
-338
-495
-1693
-269
237
-868
912
-1733
1671
1376
978
-358
716
875
-1459
-1538
-1508
103
-1325
474
1355
-1928
1801
-1330
-487
985
-479
-473
-1885
-570
-965
444
-1435
-1179
-29
-1524
-1374
615
1935
-1049
1175
-1485
1420
-271
-103
-296
1102
-519
-707
-1744
398
-388
-1565
-1267
574
1141
1960
-1297
-615
941
-2019
1595
-1695
-1105
1187
-692
-597
1957
541
-1957
571
1872
1946
180
958
543
-875
1326
-1288
460
-340
-729
-975
-617
-1202
-1737
262
-1213
1333
-807
-1333
1821
-1479
-2019
1947
59
-1721
1179
138
497
1302
1270
705
13
-1143
485
537
1698
1495
-981
-222
-1306
527
1673
1762
1544
422
1783
-381
-119
1456
-1490
-1805
2004
-854
202
239
199
543
-1703
-659
-800
-912
1568
663
-1378
175
-1457
-568
-744
272
1341
1616
-258
1486
-126
-1619
-1736
-773
-1931
1242
599
-1747
-57
-1657
-2030
879
553
-1854
-54
136
-982
-1588
1951
1461
660
-262
-776
1347
-1152
1765
-1603
1778
-230
1071
1443
-879
925
480
1154
-321
862
1727
1775
-1448
-1967
1456
