525
521
571
1169
-1555
1585
-1962
-1490
-148
79
778
1275
1630
-778
-674
362
-1323
1097
997
-542
-96
871
1171
-1500
-198
1103
533
1043
1170
1339
1678
-1875
-600
-1065
-665
-1098
1383
-715
1983
1309
-326
-226
-1174
-402
1584
871
2003
1834
-953
-1516
-1812
727
1438
703
-1211
-220
-1225
607
409
-733
-10
-616
1799
1056
-625
1194
1498
208
1576
-1640
1681
-140
1193
1281
1743
-1086
310
-1346
993
-720
-1112
-1407
139
591
-1631
1426
-1579
-1549
502
-488
-1418
1207
-1250
149
-1884
1492
-462
1169
1504
1434
-895
-821
1166
1169
263
-1080
727
-1599
964
-629
1728
726
112
750
772
-1796
-426
1911
-1960
-1848
768
1596
737
-1972
1394
-346
-102
429
886
1433
266
1315
1762
-1042
1907
231
1134
-364
-1087
-1555
-1606
375
-1775
-1040
-941
380
-863
932
1878
1653
-102
419
364
-1602
-1396
199
166
519
-441
1722
-456
334
-1607
337
1902
-689
128
-151
1490
1904
504
-1
1009
1212
-956
-468
175
644
819
-846
-345
134
-345
-45
-1689
1308
4
21
1576
-947
-1375
-840
449
-450
1683
102
-1692
1520
491
1811
2043
-821
-98
-150
-553
-1116
48
-344
1057
-472
-1117
-1633
-1500
273
70
359
1454
10
1616
-363
-844
980
950
384
-1701
-650
-2020
-1412
1698
1796
1131
-1931
-249
-279
-520
-1828
718
-507
-1910
-149
2037
1473
-164
-1918
275
-398
124
1212
1311
-1328
-1440
-1892
-575
339
1852
1697
